33
1414
3737
33
9191
9292
3636
7171
5151
7979
6161
5252
5959
2424
4646
5050
8787
6969
8181
2525
3838
1717
4646
8181
1818
1717
1616
1414
3636
4949
4949
5555
9696
7979
4444
3131
4545
4141
7070
8585
1919
4242
4040
9292
88
2828
6565
4747
100100
6868
6969
3737
9898
8787
9595
5656
6565
5757
4747
7171
1515
8787
1313
5151
9191
44
4646
2222
9494
8282
88
55
100100
8989
9898
4545
7575
5252
2727
9696
6464
55
3535
9696
9191
7070
6363
22
55
3636
7070
8686
6666
5454
9292
8787
6666
3030
22
6969
